150 30 0 300 3
30 70 150 260 3
80 80 300 580 3
80 80 400 480 3
20 300 600 350 3
180 20 520 330 3
20 120 800 530 3
100 20 760 510 3
20 200 950 0 3
150 20 920 200 3
100 200 1150 450 3
20 200 1400 0 3
20 100 1600 550 3
100 20 1560 530 3
20 300 1750 0 3
100 20 1670 300 3
20 200 1900 0 3
120 20 1900 200 3
20 80 2020 140 3
40 50 2200 600 3
40 100 2240 550 3
40 150 2280 500 3
40 200 2320 450 3
40 250 2360 400 3
40 300 2400 350 3
40 250 2440 400 3
40 200 2480 450 3
40 150 2520 500 3
40 100 2560 550 3
40 50 2600 600 3
40 200 2400 0 3
30 200 2700 0 3
100 100 2730 160 3
200 40 2780 220 3
20 200 3200 450 3
180 20 3120 430 3
20 150 3400 500 3
140 20 3340 480 3
20 100 3600 550 3
100 20 3560 530 3
40 150 3200 0 3
40 200 3400 0 3
40 250 3600 0 3
100 20 3900 500 3
20 120 4000 400 3
100 20 4020 400 3
20 120 4120 300 3
100 20 4140 300 3
20 120 4240 200 3
100 20 4260 200 3
20 450 4360 200 3
40 50 4600 600 3
40 100 4640 550 3
40 150 4680 500 3
40 200 4720 450 3
40 250 4760 400 3
40 300 4800 350 3
20 200 5000 450 3
150 20 5000 450 3
20 200 5150 450 3
20 250 5085 0 3
20 100 5300 550 3
150 20 5300 550 3
20 100 5450 550 3
200 20 5300 100 3
200 20 5300 200 3
